2509
9418
14828
26247
20067
30900
4927
31126
23901
915
6786
32366
18481
31555
7727
31090
29255
9182
18183
20780
17808
9952
8874
32400
12733
25992
15461
4741
11183
19073
14411
13473
16687
24257
9351
32564
5344
9650
29936
23689
22129
1167
23774
18792
2839
14609
31548
8415
14907
9036
3295
21827
21104
26323
6422
14961
23207
10019
19587
17753
17318
25407
30249
25790
28086
13463
23237
22327
13980
29998
21090
8826
9163
4348
25640
4057
31960
1682
21621
21005
27182
23292
22831
14387
27651
1259
26712
4628
15755
4884
21730
10665
30827
4563
11717
30175
3184
29716
4944
27287
24449
883
30396
2545
10706
7074
30727
6858
25179
13579
22016
10371
20361
695
9374
12292
4147
10095
15765
7681
12495
17953
7979
636
8422
29061
11592
7564
7365
16127
2253
10588
24438
200
28967
1398
12526
27465
25636
10050
9352
10695
28677
29641
7090
9797
27604
26303
24806
2214
2552
10945
28381
12563
30982
1755
14335
12700
1754
17741
541
2850
31207
30607
10850
12660
5323
15250
25991
6840
30758
26185
20551
24077
22189
14184
25619
9582
12154
31340
9222
30425
678
14555
5659
6321
13338
25037
23710
5474
4258
2731
992
8771
10564
11575
22575
28096
30927
1740
22533
6328
1974
31975
5760
24356
543
10983
8722
13306
29752
32017
17274
21585
8394
31959
10483
5573
9744
12890
20907
29725
25801
16173
19830
8747
23948
5724
9412
8692
30812
30125
31953
10257
27260
1061
19483
20053
11908
14798
13081
22960
17077
29880
19754
5971
8586
24382
3532
5397
10383
2954
32270
14614
24950
26716
28232
31906
24936
29446
28681
20056
12953
19132
11345
24459
31775
2314
27136
24808
23556
934
22671
29273
10138
23400
29438
18986
1550
31895
3853
22379
6464
29798
27823
25493
10450
16318
22972
30576
896
30526
15846
1843
2735
31873
8942
10733
7240
3231
3352
24613
20166
23542
14300
11709
13198
7978
2782
2845
4991
9578
23328
29069
22987
26613
19574
1761
8453
13021
26427
11356
5755
19211
13891
29903
10181
13700
272
17921
11934
1003
30281
10579
3827
19014
23143
4004
31546
8709
3762
3187
21253
24128
1132
19523
20439
21824
28748
19012
29750
25409
21038
2351
28929
2678
9480
21362
29956
21582
19232
18061
6858
22518
2684
11708
26802
2591
11674
28630
5957
14849
7266
5237
4551
24479
345
9303
25868
8013
20247
26884
4238
9840
14843
20401
28092
17798
31261
29541
8596
27494
27012
4698
19571
26056
21146
29350
27692
2823
732
31258
9304
12582
30166
32107
24814
5650
11343
2703
1812
7462
961
12906
10292
1524
8716
5546
27473
67
18794
14576
8348
16724
10406
25648
13122
32362
31625
4442
28041
28808
3990
11834
17179
17789
247
13725
5537
8734
17334
25525
10132
6611
19760
2494
12624
16213
29127
17634
19563
12981
19160
7258
10564
20641
14573
19159
17119
26339
22067
14112
1264
4650
27950
24572
6197
10509
18347
16210
18697
22605
27126
26767
15415
21594
3662
26184
26124
17433
29846
6945
30640
18661
23117
10733
14006
18388
11968
10518
29425
22587
22398
9535
3721
31604
6413
14121
19535
478
30683
12499
22606
16678
9591
9702
16034
32709
19969
21327
17550
14794
23008
10798
22472
8922
30642
495
2071
2421
649
13750
16160
32634
6228
12545
10877
27630
29851
12169
3088
27129
25456
13417
25751
6449
24738
31873
11392
17180
14131
28701
3838
31215
13580
22482
23388
5276
18160
22697
8338
11276
4271
31616
10006
32169
21916
17324
15604
22304
17728
6371
2081
28517
80
2138
21260
20727
27101
8490
1911
14693
6347
28664
19333
4625
32132
24021
29972
26164
4077
30307
18252
31266
6554
22841
11896
26576
28734
23177
28181
25747
13413
5888
29993
5162
26725
32494
19671
3327
29585
7335
21807
29098
26033
6697
17483
17335
3759
18943
7063
21417
16019
14181
1904
29246
16817
428
23793
18165
27937
1760
10761
28622
20336
8617
3025
20049
22933
32367
16157
9681
5159
19393
8018
28402
13517
18936
1911
1129
10229
32279
18830
3331
25289
3062
12324
18153
4446
31648
15911
6178
29999
28153
8440
2137
1995
1188
2241
2017
13770
291
23305
10230
17925
24384
29573
10310
16647
28332
26417
32176
27838
12263
32160
13899
12406
30815
21648
24234
29961
8668
25026
19550
21839
18715
18185
29117
13020
24505
11424
7906
747
5460
5568
21493
26517
23532
25458
2221
26951
2959
31139
3346
25714
26933
14966
26504
32644
5353
19422
21513
15640
9001
23403
18610
32361
26000
21604
9089
2573
9906
15383
25949
27360
23880
10349
7766
15166
6797
1217
28463
12405
14311
6386
17433
31353
1994
1719
11458
19418
3545
12595
30094
7668
591
17098
26148
1382
9374
17714
18733
10949
8534
32717
8536
15249
3911
4150
12194
26471
18410
28954
11988
15737
7933
25417
26701
32316
15726
27916
1537
13664
9082
25530
17858
12293
5654
13190
29119
9004
31630
22939
16970
5739
27500
17515
3294
26342
30107
3651
25696
30330
25804
17955
3749
23355
25
15054
29493
8993
4072
31773
26446
32766
10771
1688
31532
28595
2374
19783
11400
13476
29608
5574
8799
12905
29885
23192
22004
711
28299
10173
19736
22238
17915
9607
18857
30883
11907
17833
4697
145
22786
18065
14512
5020
2539
248
85
15719
23206
13239
19337
15030
10803
16860
12532
18470
273
5885
7844
18716
27742
9676
11859
23291
5183
13548
3816
10394
4482
28163
10049
4597
18050
25361
22064
31778
16203
32256
29635
23943
23807
3708
30665
23115
20601
27140
27025
1290
10287
21057
31989
6093
30045
5527
151
14649
19552
7675
363
8710
9311
25092
18294
14003
23089
27716
4053
27000
23163
27864
10240
30845
14105
2366
20048
23625
11200
24167
31679
31357
21985
26893
31472
28866
9168
18503
28783
3072
16165
3675
14393
16337
30307
5075
15487
12853
27095
211
10663
12167
32707
169
9108
6831
25532
21414
24615
11674
5457
13100
19205
7655
18925
15369
5787
31203
9727
21251
24160
20920
4439
14260
15962
225
10963
14745
996
11233
7996
17253
23470
17973
26475
12443
8453
13447
12720
8539
12885
24356
31348
16508
28396
18608
6172
12252
16896
32025
15921
3828
24308
27849
15294
20400
4823
2080
30970
19837
20270
12065
30759
23203
20979
18795
23994
14293
3805
6763
17340
10758
15842
9681
23664
8831
13051
14400
10294
11567
25383
26698
17071
6466
15026
9115
2850
4085
10423
7284
11295
3496
996
11100
18018
28980
11389
30994
17145
5504
4003
1221
4266
10575
28631
23175
20623
14684
5818
3584
13827
8361
21526
19807
7618
21268
28194
8342
8267
13867
26370
10439
9097
31809
15246
29689
12211
13762
32596
14608
2929
3267
31200
4092
25408
24285
10555
31280
23
10556
19889
20310
20811
31475
25303
25153
19888
24978
10701
29219
28673
1019
10433
15360
21121
24433
17332
16482
11747
23282
21121
4431
16231
9415
22555
15480
23111
3673
16150
9651
10321
23110
16233
26027
24021
12468
20850
214
25793
11750
21050
2728
17163
16141
15611
2311
16463
16736
7647
11262
3770
5998
8715
11701
31526
10419
26844
28321
26758
32618
31344
8696
6789
30883
1897
7784
4970
14997
21997
9992
2367
25909
32753
16527
13874
12552
26296
26308
2107
28725
32662
13877
29695
9694
24058
24108
28405
10160
7852
28383
21703
32185
6226
22503
15355
29818
30009
10995
32210
5438
6738
30398
30064
30890
32635
20030
14910
10132
23808
20511
22925
32281
21090
17007
21372
17641
27223
5787
24347
29926
8209
27034
14800
22766
18883
21608
1530
500
3170
8374
31957
16726
15529
13792
30622
7530
20831
21023
5111
29786
19164
25600
30604
16691
13258
6164
30455
14136
7977
28393
9185
10108
18325
28474
1642
25776
13260
18531
1483
6457
1131
30999
17466
17286
20216
20053
29199
19616
10789
20120
23588
27906
20307
25935
14721
21420
30038
25228
31801
17267
18552
8960
10639
6811
9152
29735
32093
30887
28532
2240
23735
30320
18652
4480
23499
9333
22345
19975
23307
17266
29270
10771
32655
27444
32110
15092
2740
5035
7310
12608
21770
13377
9804
4807
28781
28010
30489
20681
13681
28796
2499
3687
16388
6594
31038
11096
8014
28875
20387
26333
15580
776
18041
12023
16126
19607
23604
28631
27245
9049
25339
30614
18225
22602
27822
16934
3266
786
14376
16777
6510
11223
961
30272
30970
18262
26903
27655
16012
14642
9743
28351
13769
20619
30486
2988
12090
29395
26285
13024
27636
26845
13860
3319
27768
567
17317
22789
9944
698
4469
26317
26651
3679
21111
308
25827
1877
8178
23797
15693
4688
15507
24469
30745
13603
2230
21146
14603
17297
3041
22264
13968
3680
14225
11468
12965
2224
18234
9036
31477
22411
24969
17662
13377
32701
24300
5161
29957
9702
22868
27530
29529
5325
26938
22343
18965
32247
13280
31273
6456
10361
11993
21253
1419
522
15563
30331
23425
18012
1908
4323
22882
12461
15083
17541
25768
27545
1576
14344
11946
13106
1223
26926
3191
23890
30217
6078
1541
15408
25884
23745
24715
3890
9884
16880
10283
30210
20313
28014
31956
6628
2139
13747
9831
327
25635
12744
13336
16793
6452
6586
11032
864
17874
2889
2161
3207
8458
1760
6705
17653
15602
14538
29642
26981
15922
25250
441
24689
11459
30987
102
26095
16887
18850
23115
129
22458
15665
12633
30056
23831
2598
6039
11929
29694
27459
15117
18195
7236
11926
2272
12655
4075
12460
3006
11449
13476
6146
2428
31614
18066
25788
9214
4390
8273
10393
344
10628
17463
31527
16178
32428
2777
32307
13681
4357
6865
1668
19476
13727
3519
15561
26715
24262
26254
19151
13615
21207
15609
26871
19134
17746
16973
24552
31078
1585
880
21121
15316
15224
3106
25617
5229
22798
20355
3787
23020
19147
31189
15988
14157
1234
3972
863
25323
28193
32099
29083
20709
22886
32313
107
25797
20
31100
32246
26212
13239
16220
27456
15880
14725
17924
21593
15312
1077
19484
30933
28242
16404
1170
22651
19586
25941
12186
30786
14038
17576
17651
29561
5031
16911
4972
11589
2779
12781
31144
13904
9409
3168
7198
15040
20540
27345
15459
3174
5156
970
5548
7480
28649
6407
25231
32258
12153
3023
28681
13656
13924
2949
25029
719
1598
4730
2971
25197
1094
9477
1112
25693
16964
1750
21949
11495
20152
23175
28106
12448
20528
24436
13628
222
28666
16845
28500
15471
22523
12521
18138
30859
18399
12253
11362
13830
1395
21582
27086
14026
11342
26499
3860
18309
8375
7614
7233
20895
10691
22477
3262
18799
30398
8924
10194
19630
5068
27277
14953
1324
4560
4427
7700
9153
25997
25307
12624
1927
16908
5427
9483
25926
29245
19344
17252
816
30176
20419
5043
23759
26022
30155
32713
17211
25236
23977
24185
19856
5289
1904
1879
11679
31936
28060
21439
15588
7608
6564
12569
21945
16593
26323
10332
19656
22873
26451
32465
7878
19337
8075
21530
9823
6826
2987
24946
28268
17019
9092
15926
29804
16343
20638
19877
28466
3219
2692
14820
28123
4774
3427
8260
25347
23180
24275
21192
28729
30956
5365
21218
1455
32632
5054
27006
10806
29972
13458
65
32618
6459
3093
8211
22058
30367
16958
14555
26444
2320
12461
5769
1166
31391
15166
10074
21967
15363
5854
30551
30335
31804
29341
1312
1876
17270
14085
21479
2110
13615
20394
24255
3742
15772
13059
20759
11187
11849
7288
10369
5972
3585
11452
9145
29413
8173
25693
8930
14468
26111
11418
23826
10883
8850
25204
3857
22299
7498
6152
1886
1118
12098
27
13171
6254
23142
14327
4682
20973
28701
25462
12320
25780
2860
20316
3961
20168
24791
3561
9060
31113
11592
16815
16128
31533
16181
2722
7743
3181
26302
18798
27626
1662
19348
11533
26854
32067
28256
16024
6325
18881
22883
24413
5951
6355
17497
27955
31699
21023
12196
266
28009
27464
15014
31686
19498
31590
14703
21838
5170
8883
19864
25055
23956
6790
1646
423
7582
390
19540
28303
3423
14359
7010
7256
22887
24857
20818
24297
32462
23250
4765
19175
31096
17448
2785
1159
10134
25108
3206
28832
1648
31059
21409
31749
11363
28767
28696
27921
9253
19869
6920
29571
3409
26072
31587
27276
9759
20206
7646
295
8818
27337
9226
15529
29721
7825
28352
2457
26702
2592
18371
20161
16003
21431
20129
13957
7263
23535
11482
8820
771
28146
21828
32029
10641
16362
21166
24100
24815
22458
27076
13461
25800
10221
4659
27511
15828
30955
2829
15525
6490
29299
3694
9689
14835
22853
26720
13322
26000
21791
29948
6392
29886
21227
18898
16133
26409
22327
3723
20294
8543
21733
18637
24026
14295
23588
8031
12410
27442
13727
22670
21330
14784
15860
6095
28687
10822
5479
7845
6970
13311
30680
5317
3012
26592
20722
7033
28898
16160
24742
12354
23067
13048
983
8897
26014
424
30039
8663
10458
17594
6931
9228
1865
15498
13194
12077
27532
29958
30596
17209
5821
10163
1024
27775
31233
32497
8302
16640
20060
7807
13598
19738
24266
5441
1529
13160
14475
7233
1391
996
13758
18165
21424
3662
5681
2240
15903
13266
6776
13242
21251
31717
21820
21684
23936
28784
9942
4215
24007
1328
5916
26189
20873
3676
379
31683
24753
2697
18247
21932
16978
17356
31822
8809
28126
3102
16819
31080
27802
6404
17146
13291
24398
17007
2399
17163
3137
10464
6508
9980
2404
1745
3786
27538
22222
12625
10840
19972
32104
3054
1658
28657
1514
29655
26036
15264
23558
26178
20343
23948
29154
26124
28474
30496
14284
25759
27085
28351
15402
12825
7402
263
1967
14507
32014
30551
2517
1854
1414
10126
10631
28509
28365
8470
19997
14927
7957
11042
29838
14723
2340
30771
9441
13874
28001
13025
23525
1087
12591
18392
15650
15458
16505
4385
8463
24965
11662
18083
21382
30062
816
22505
5748
16543
31975
4901
15573
20858
6556
15733
29152
30377
15458
102
126
14525
20375
20663
12033
5909
7724
12895
787
3074
22337
32208
492
7208
28661
2686
16585
29992
22396
25243
22937
24444
12658
25637
6137
1954
2670
29475
29282
25212
15067
8492
9121
12535
27651
28200
30856
26347
29549
1627
9700
31042
30825
8607
15023
22365
6121
26608
646
5043
31378
32558
27741
32699
4371
9759
18801
16141
27318
180
30846
5572
23092
31117
20786
30246
23758
23742
25570
4487
30617
4052
24957
28778
32538
2835
16318
21994
32018
30722
28069
29272
10395
6442
11303
10534
9332
24346
24357
28163
30618
20142
27291
32072
29720
7313
28698
29587
31
8705
120
2225
30041
3794
5574
29122
2683
31926
27010
11927
31514
18363
31502
18015
25023
20501
23137
14211
30781
2334
2813
7886
12866
31131
4896
22993
26157
4417
2879
10374
30751
30584
16816
4659
15189
14174
18087
4497
32181
27919
29795
19502
29094
22564
18345
22800
27173
30585
7282
23195
7446
4660
8929
28597
24535
20994
8311
16423
4635
21156
20874
10310
10998
19115
32499
18388
7220
12671
7176
30753
32751
1702
202
28021
17505
7747
5215
1970
18934
5853
31682
5686
10149
23650
8377
4863
2433
23660
9479
6418
23947
20418
5603
6685
17099
15650
29610
5979
28319
6462
25041
25016
31826
10244
4893
9526
23280
802
17942
17295
19801
27082
26041
16924
12437
15794
8813
20213
31847
20832
5944
8538
12837
27556
20275
14673
11718
9318
16187
17041
3389
32417
2026
7839
8710
25520
5061
23095
8446
25545
26039
4589
1143
24519
11199
2580
21644
44
27109
32223
18866
7526
20850
27078
32144
32081
6240
21803
7697
2558
25872
24382
22199
26035
8763
4894
25650
50
20267
18241
1585
4414
8235
3093
17272
7260
828
28135
13362
25047
23817
3589
18057
24838
4637
22303
12661
20433
12372
20723
2513
11122
19599
22314
11700
18041
26796
14204
31230
30739
30134
31515
32305
20619
18008
24399
